getting train and test data
Start Training
(' loss: ', 2.05996036529541)
1
(' loss: ', 2.0649861097335815)
2
(' loss: ', 2.0660839875539145)
3
(' loss: ', 2.0679343342781067)
4
(' loss: ', 2.0693010807037355)
5
(' loss: ', 2.0554254253705344)
6
(' loss: ', 2.0436287437166487)
7
(' loss: ', 2.0377158373594284)
8
(' loss: ', 2.033108048968845)
9
(' loss: ', 2.0304547786712646)
10
(' loss: ', 2.0242058472199873)
11
11
(' loss: ', 1.88520085811615)
1
(' loss: ', 1.9084972739219666)
2
(' loss: ', 1.937241554260254)
3
(' loss: ', 1.948341429233551)
4
(' loss: ', 1.948103141784668)
5
(' loss: ', 1.9125216007232666)
6
(' loss: ', 1.8804386343274797)
7
(' loss: ', 1.8718032240867615)
8
(' loss: ', 1.8668245871861775)
9
(' loss: ', 1.8602303504943847)
10
(' loss: ', 1.8552049290050159)
11
11
(' loss: ', 1.6856330633163452)
1
(' loss: ', 1.7821569442749023)
2
(' loss: ', 1.8460852305094402)
3
(' loss: ', 1.864313393831253)
4
(' loss: ', 1.8830765962600708)
5
(' loss: ', 1.8542120059331257)
6
(' loss: ', 1.8055017675672258)
7
(' loss: ', 1.7996856719255447)
8
(' loss: ', 1.7998150719536676)
9
(' loss: ', 1.7987542510032655)
10
(' loss: ', 1.8136238293214277)
11
11
(' loss: ', 1.5420122146606445)
1
(' loss: ', 1.7071083188056946)
2
(' loss: ', 1.7717090050379436)
3
(' loss: ', 1.8443956673145294)
4
(' loss: ', 1.884049391746521)
5
(' loss: ', 1.827836314837138)
6
(' loss: ', 1.775653941290719)
7
(' loss: ', 1.7578863352537155)
8
(' loss: ', 1.7403600878185697)
9
(' loss: ', 1.7540385842323303)
10
(' loss: ', 1.7635949091477827)
11
11
(' loss: ', 1.5506105422973633)
1
(' loss: ', 1.7484111785888672)
2
(' loss: ', 1.822304646174113)
3
(' loss: ', 1.8880862593650818)
4
(' loss: ', 1.9132431030273438)
5
(' loss: ', 1.8669325113296509)
6
(' loss: ', 1.8015484469277518)
7
(' loss: ', 1.7923481613397598)
8
(' loss: ', 1.7739941146638658)
9
(' loss: ', 1.7707122802734374)
10
(' loss: ', 1.7726135904138738)
11
11
(' loss: ', 1.568146824836731)
1
(' loss: ', 1.7044546604156494)
2
(' loss: ', 1.7835643291473389)
3
(' loss: ', 1.8254892528057098)
4
(' loss: ', 1.8370644807815553)
5
(' loss: ', 1.8087557951609294)
6
(' loss: ', 1.7479672602244787)
7
(' loss: ', 1.7414203733205795)
8
(' loss: ', 1.728959083557129)
9
(' loss: ', 1.7293976426124573)
10
(' loss: ', 1.747698718851263)
11
11
(' loss: ', 1.6444151401519775)
1
(' loss: ', 1.6793869137763977)
2
(' loss: ', 1.73557714621226)
3
(' loss: ', 1.7818717956542969)
4
(' loss: ', 1.8091835021972655)
5
(' loss: ', 1.7760383288065593)
6
(' loss: ', 1.722524915422712)
7
(' loss: ', 1.7239182144403458)
8
(' loss: ', 1.7197360197703044)
9
(' loss: ', 1.7210840463638306)
10
(' loss: ', 1.7330802895806052)
11
11
(' loss: ', 1.5490769147872925)
1
(' loss: ', 1.6420881748199463)
2
(' loss: ', 1.714548110961914)
3
(' loss: ', 1.7649713158607483)
4
(' loss: ', 1.7768433094024658)
5
(' loss: ', 1.7590055068333943)
6
(' loss: ', 1.7189044952392578)
7
(' loss: ', 1.7140571027994156)
8
(' loss: ', 1.7092179192437067)
9
(' loss: ', 1.7150940299034119)
10
(' loss: ', 1.724658185785467)
11
11
(' loss: ', 1.6372569799423218)
1
(' loss: ', 1.6791620254516602)
2
(' loss: ', 1.7266852458318074)
3
(' loss: ', 1.7841339111328125)
4
(' loss: ', 1.7910027742385863)
5
(' loss: ', 1.7742529114087422)
6
(' loss: ', 1.732835292816162)
7
(' loss: ', 1.7319286465644836)
8
(' loss: ', 1.7307699124018352)
9
(' loss: ', 1.7310001134872437)
10
(' loss: ', 1.7403492385690862)
11
11
(' loss: ', 1.6510064601898193)
1
(' loss: ', 1.7493685483932495)
2
(' loss: ', 1.7734103600184123)
3
(' loss: ', 1.816096544265747)
4
(' loss: ', 1.8253314733505248)
5
(' loss: ', 1.7881159981091816)
6
(' loss: ', 1.7464278595788139)
7
(' loss: ', 1.7379870414733887)
8
(' loss: ', 1.7213380601671007)
9
(' loss: ', 1.7173898935317993)
10
(' loss: ', 1.7325315800580112)
11
11
(' loss: ', 1.6458261013031006)
1
(' loss: ', 1.6953394412994385)
2
(' loss: ', 1.7509338855743408)
3
(' loss: ', 1.7888157367706299)
4
(' loss: ', 1.7979883909225465)
5
(' loss: ', 1.7687285542488098)
6
(' loss: ', 1.7183041742869787)
7
(' loss: ', 1.7159616351127625)
8
(' loss: ', 1.7110800743103027)
9
(' loss: ', 1.7161723375320435)
10
(' loss: ', 1.7329574823379517)
11
11
(' loss: ', 1.5531712770462036)
1
(' loss: ', 1.6258223056793213)
2
(' loss: ', 1.6902984380722046)
3
(' loss: ', 1.7589160203933716)
4
(' loss: ', 1.7817591667175292)
5
(' loss: ', 1.7654881079991658)
6
(' loss: ', 1.7058368921279907)
7
(' loss: ', 1.708573341369629)
8
(' loss: ', 1.6973118517133925)
9
(' loss: ', 1.699022114276886)
10
(' loss: ', 1.701184782114896)
11
11
(' loss: ', 1.6096266508102417)
1
(' loss: ', 1.6869330406188965)
2
(' loss: ', 1.7669723431269329)
3
(' loss: ', 1.8036356568336487)
4
(' loss: ', 1.813857078552246)
5
(' loss: ', 1.7751203775405884)
6
(' loss: ', 1.7185889823096139)
7
(' loss: ', 1.713184416294098)
8
(' loss: ', 1.705625785721673)
9
(' loss: ', 1.7068521142005921)
10
(' loss: ', 1.7177193056453357)
11
11
(' loss: ', 1.6494673490524292)
1
(' loss: ', 1.6772997379302979)
2
(' loss: ', 1.7334669828414917)
3
(' loss: ', 1.7744460999965668)
4
(' loss: ', 1.7772237062454224)
5
(' loss: ', 1.751819094022115)
6
(' loss: ', 1.697896225111825)
7
(' loss: ', 1.6894071400165558)
8
(' loss: ', 1.6797080834706624)
9
(' loss: ', 1.6818570852279664)
10
(' loss: ', 1.6924995183944702)
11
11
(' loss: ', 1.5565884113311768)
1
(' loss: ', 1.629435658454895)
2
(' loss: ', 1.7114121119181316)
3
(' loss: ', 1.7898904085159302)
4
(' loss: ', 1.7894740104675293)
5
(' loss: ', 1.7546337048212688)
6
(' loss: ', 1.6919103520257133)
7
(' loss: ', 1.6909473836421967)
8
(' loss: ', 1.6934758424758911)
9
(' loss: ', 1.697491466999054)
10
(' loss: ', 1.7036271745508367)
11
11
(' loss: ', 1.5958950519561768)
1
(' loss: ', 1.6463454365730286)
2
(' loss: ', 1.6868606408437092)
3
(' loss: ', 1.75568887591362)
4
(' loss: ', 1.7968267440795898)
5
(' loss: ', 1.7699560324350994)
6
(' loss: ', 1.7215849501746041)
7
(' loss: ', 1.721550390124321)
8
(' loss: ', 1.712339957555135)
9
(' loss: ', 1.7125879049301147)
10
(' loss: ', 1.7236552780324763)
11
11
(' loss: ', 1.5546541213989258)
1
(' loss: ', 1.6376209259033203)
2
(' loss: ', 1.6920629342397053)
3
(' loss: ', 1.7749268412590027)
4
(' loss: ', 1.8007284164428712)
5
(' loss: ', 1.7633644143740337)
6
(' loss: ', 1.7151294435773576)
7
(' loss: ', 1.7101781368255615)
8
(' loss: ', 1.7083845271004572)
9
(' loss: ', 1.6996084928512574)
10
(' loss: ', 1.7095645015889949)
11
11
(' loss: ', 1.5901514291763306)
1
(' loss: ', 1.6332771182060242)
2
(' loss: ', 1.7092448870340984)
3
(' loss: ', 1.779452383518219)
4
(' loss: ', 1.774078369140625)
5
(' loss: ', 1.7469321489334106)
6
(' loss: ', 1.704424466405596)
7
(' loss: ', 1.696297511458397)
8
(' loss: ', 1.6871129274368286)
9
(' loss: ', 1.6813824653625489)
10
(' loss: ', 1.6962938633832065)
11
11
(' loss: ', 1.5366716384887695)
1
(' loss: ', 1.63075453042984)
2
(' loss: ', 1.7110774914423625)
3
(' loss: ', 1.75778067111969)
4
(' loss: ', 1.764486813545227)
5
(' loss: ', 1.7294110457102458)
6
(' loss: ', 1.6842620883669173)
7
(' loss: ', 1.6717469841241837)
8
(' loss: ', 1.6698544422785442)
9
(' loss: ', 1.6713470101356507)
10
(' loss: ', 1.6820245005867698)
11
11
(' loss: ', 1.5587522983551025)
1
(' loss: ', 1.6178396940231323)
2
(' loss: ', 1.659696896870931)
3
(' loss: ', 1.7194608449935913)
4
(' loss: ', 1.735735297203064)
5
(' loss: ', 1.7076154351234436)
6
(' loss: ', 1.6699619463511877)
7
(' loss: ', 1.6704146265983582)
8
(' loss: ', 1.6674158838060167)
9
(' loss: ', 1.6652085781097412)
10
(' loss: ', 1.6720228628678755)
11
11
(' loss: ', 1.5064640045166016)
1
(' loss: ', 1.5967183113098145)
2
(' loss: ', 1.660447398821513)
3
(' loss: ', 1.7148604691028595)
4
(' loss: ', 1.7421913385391234)
5
(' loss: ', 1.714204212029775)
6
(' loss: ', 1.6719606944492884)
7
(' loss: ', 1.6661226451396942)
8
(' loss: ', 1.6629805432425604)
9
(' loss: ', 1.6561366438865661)
10
(' loss: ', 1.6661064299670132)
11
11
(' loss: ', 1.5423409938812256)
1
(' loss: ', 1.6182382106781006)
2
(' loss: ', 1.6840740044911702)
3
(' loss: ', 1.748696506023407)
4
(' loss: ', 1.7774071216583252)
5
(' loss: ', 1.7419411142667134)
6
(' loss: ', 1.686483689716884)
7
(' loss: ', 1.6804051101207733)
8
(' loss: ', 1.6713344785902235)
9
(' loss: ', 1.6769421458244325)
10
(' loss: ', 1.6869833686135032)
11
11
(' loss: ', 1.4886239767074585)
1
(' loss: ', 1.5984458327293396)
2
(' loss: ', 1.6546908617019653)
3
(' loss: ', 1.7283384799957275)
4
(' loss: ', 1.748027467727661)
5
(' loss: ', 1.7046160101890564)
6
(' loss: ', 1.6569422483444214)
7
(' loss: ', 1.6579154878854752)
8
(' loss: ', 1.6488019890255399)
9
(' loss: ', 1.6498177289962768)
10
(' loss: ', 1.6684141050685535)
11
11
(' loss: ', 1.5411537885665894)
1
(' loss: ', 1.5988739728927612)
2
(' loss: ', 1.672655979792277)
3
(' loss: ', 1.7410528063774109)
4
(' loss: ', 1.7573417663574218)
5
(' loss: ', 1.7199467420578003)
6
(' loss: ', 1.66917085647583)
7
(' loss: ', 1.6670651286840439)
8
(' loss: ', 1.6690237787034776)
9
(' loss: ', 1.6695346593856812)
10
(' loss: ', 1.6771409619938245)
11
11
(' loss: ', 1.5694631338119507)
1
(' loss: ', 1.6369816660881042)
2
(' loss: ', 1.6791305541992188)
3
(' loss: ', 1.7332966327667236)
4
(' loss: ', 1.7535242319107056)
5
(' loss: ', 1.7217000325520833)
6
(' loss: ', 1.6690740755626134)
7
(' loss: ', 1.6574428230524063)
8
(' loss: ', 1.6474348968929715)
9
(' loss: ', 1.6545379519462586)
10
(' loss: ', 1.6675107804211704)
11
11
(' loss: ', 1.5361485481262207)
1
(' loss: ', 1.630523443222046)
2
(' loss: ', 1.6672855615615845)
3
(' loss: ', 1.7265859842300415)
4
(' loss: ', 1.7449355602264405)
5
(' loss: ', 1.7160404523213704)
6
(' loss: ', 1.6673732314790999)
7
(' loss: ', 1.6622283905744553)
8
(' loss: ', 1.6615258720186021)
9
(' loss: ', 1.6661080598831177)
10
(' loss: ', 1.6773986924778332)
11
11
(' loss: ', 1.55308198928833)
1
(' loss: ', 1.5851209163665771)
2
(' loss: ', 1.6776349941889446)
3
(' loss: ', 1.717257022857666)
4
(' loss: ', 1.7343836307525635)
5
(' loss: ', 1.7017455101013184)
6
(' loss: ', 1.6547627449035645)
7
(' loss: ', 1.6494628489017487)
8
(' loss: ', 1.6501994397905138)
9
(' loss: ', 1.6451918125152587)
10
(' loss: ', 1.6598057313398882)
11
11
(' loss: ', 1.5605623722076416)
1
(' loss: ', 1.5775079131126404)
2
(' loss: ', 1.6363648573557537)
3
(' loss: ', 1.6845764517784119)
4
(' loss: ', 1.6986016035079956)
5
(' loss: ', 1.66816246509552)
6
(' loss: ', 1.6210808753967285)
7
(' loss: ', 1.6243052184581757)
8
(' loss: ', 1.6162846750683255)
9
(' loss: ', 1.6232348442077638)
10
(' loss: ', 1.6327475742860273)
11
11
(' loss: ', 1.5132840871810913)
1
(' loss: ', 1.5841155052185059)
2
(' loss: ', 1.6316332419713337)
3
(' loss: ', 1.7008952498435974)
4
(' loss: ', 1.715341281890869)
5
(' loss: ', 1.6866642236709595)
6
(' loss: ', 1.6333897965294975)
7
(' loss: ', 1.6262975335121155)
8
(' loss: ', 1.6168988280826144)
9
(' loss: ', 1.6117347836494447)
10
(' loss: ', 1.6176092191175981)
11
11
(' loss: ', 1.4614099264144897)
1
(' loss: ', 1.561949372291565)
2
(' loss: ', 1.633780598640442)
3
(' loss: ', 1.6768105328083038)
4
(' loss: ', 1.695303726196289)
5
(' loss: ', 1.6666887998580933)
6
(' loss: ', 1.6093923875263758)
7
(' loss: ', 1.615042820572853)
8
(' loss: ', 1.6084888776143391)
9
(' loss: ', 1.6092532515525817)
10
(' loss: ', 1.6242187131534924)
11
11
Finished Training
Start Testing
('Next Batch result', tensor([[ 0.1092,  0.1090,  0.1088,  0.1198,  0.3395,  0.0829,  0.0444,
          0.0863],
        [ 0.1099,  0.1086,  0.1098,  0.1185,  0.3371,  0.0831,  0.0446,
          0.0883],
        [ 0.1099,  0.1086,  0.1097,  0.1185,  0.3377,  0.0830,  0.0445,
          0.0880],
        [ 0.1085,  0.1092,  0.1085,  0.1203,  0.3413,  0.0826,  0.0442,
          0.0854],
        [ 0.1099,  0.1087,  0.1096,  0.1187,  0.3374,  0.0830,  0.0446,
          0.0881],
        [ 0.1098,  0.1086,  0.1096,  0.1186,  0.3379,  0.0831,  0.0445,
          0.0879],
        [ 0.1100,  0.1085,  0.1098,  0.1183,  0.3376,  0.0830,  0.0445,
          0.0884],
        [ 0.1095,  0.1090,  0.1093,  0.1193,  0.3383,  0.0830,  0.0446,
          0.0871],
        [ 0.1082,  0.1094,  0.1082,  0.1209,  0.3420,  0.0825,  0.0441,
          0.0848],
        [ 0.1093,  0.1090,  0.1090,  0.1196,  0.3388,  0.0830,  0.0445,
          0.0867],
        [ 0.1076,  0.1092,  0.1078,  0.1212,  0.3445,  0.0821,  0.0436,
          0.0840],
        [ 0.1107,  0.1080,  0.1106,  0.1171,  0.3366,  0.0828,  0.0444,
          0.0899],
        [ 0.1068,  0.1092,  0.1070,  0.1216,  0.3481,  0.0816,  0.0429,
          0.0827],
        [ 0.1067,  0.1092,  0.1071,  0.1217,  0.3482,  0.0815,  0.0429,
          0.0826],
        [ 0.1101,  0.1084,  0.1100,  0.1181,  0.3375,  0.0830,  0.0444,
          0.0886],
        [ 0.1100,  0.1085,  0.1098,  0.1183,  0.3375,  0.0830,  0.0445,
          0.0883],
        [ 0.1101,  0.1084,  0.1099,  0.1182,  0.3375,  0.0830,  0.0445,
          0.0885],
        [ 0.1093,  0.1090,  0.1091,  0.1197,  0.3389,  0.0830,  0.0445,
          0.0866],
        [ 0.1086,  0.1091,  0.1085,  0.1203,  0.3411,  0.0827,  0.0442,
          0.0855],
        [ 0.1079,  0.1092,  0.1080,  0.1208,  0.3435,  0.0824,  0.0438,
          0.0844],
        [ 0.1100,  0.1085,  0.1098,  0.1183,  0.3377,  0.0830,  0.0445,
          0.0883],
        [ 0.1092,  0.1089,  0.1090,  0.1196,  0.3389,  0.0830,  0.0445,
          0.0868],
        [ 0.1095,  0.1090,  0.1092,  0.1194,  0.3387,  0.0830,  0.0445,
          0.0869],
        [ 0.1095,  0.1090,  0.1092,  0.1194,  0.3382,  0.0831,  0.0446,
          0.0871],
        [ 0.1096,  0.1089,  0.1095,  0.1191,  0.3377,  0.0831,  0.0447,
          0.0875],
        [ 0.1087,  0.1092,  0.1086,  0.1203,  0.3408,  0.0827,  0.0442,
          0.0856],
        [ 0.1077,  0.1092,  0.1078,  0.1212,  0.3444,  0.0821,  0.0436,
          0.0840],
        [ 0.1097,  0.1088,  0.1095,  0.1190,  0.3378,  0.0831,  0.0446,
          0.0875],
        [ 0.1093,  0.1090,  0.1093,  0.1196,  0.3387,  0.0829,  0.0445,
          0.0867],
        [ 0.1064,  0.1091,  0.1069,  0.1218,  0.3497,  0.0812,  0.0426,
          0.0822],
        [ 0.1088,  0.1092,  0.1086,  0.1201,  0.3407,  0.0827,  0.0442,
          0.0857],
        [ 0.1097,  0.1088,  0.1095,  0.1190,  0.3378,  0.0831,  0.0446,
          0.0876],
        [ 0.1081,  0.1092,  0.1081,  0.1208,  0.3430,  0.0823,  0.0439,
          0.0846],
        [ 0.1092,  0.1089,  0.1089,  0.1197,  0.3398,  0.0828,  0.0444,
          0.0864],
        [ 0.1066,  0.1092,  0.1071,  0.1217,  0.3486,  0.0814,  0.0428,
          0.0825],
        [ 0.1098,  0.1087,  0.1096,  0.1189,  0.3376,  0.0831,  0.0446,
          0.0878],
        [ 0.1098,  0.1087,  0.1097,  0.1189,  0.3373,  0.0831,  0.0446,
          0.0880],
        [ 0.1068,  0.1092,  0.1070,  0.1216,  0.3483,  0.0815,  0.0429,
          0.0827],
        [ 0.1097,  0.1088,  0.1095,  0.1191,  0.3377,  0.0831,  0.0446,
          0.0875],
        [ 0.1107,  0.1080,  0.1106,  0.1171,  0.3365,  0.0828,  0.0444,
          0.0899],
        [ 0.1073,  0.1092,  0.1076,  0.1213,  0.3457,  0.0819,  0.0434,
          0.0835],
        [ 0.1088,  0.1091,  0.1087,  0.1202,  0.3404,  0.0827,  0.0443,
          0.0858],
        [ 0.1092,  0.1090,  0.1089,  0.1195,  0.3397,  0.0828,  0.0444,
          0.0865],
        [ 0.1077,  0.1092,  0.1079,  0.1211,  0.3442,  0.0822,  0.0436,
          0.0840],
        [ 0.1091,  0.1090,  0.1090,  0.1199,  0.3392,  0.0829,  0.0444,
          0.0864],
        [ 0.1078,  0.1093,  0.1080,  0.1210,  0.3437,  0.0822,  0.0437,
          0.0842],
        [ 0.1074,  0.1092,  0.1077,  0.1213,  0.3454,  0.0820,  0.0434,
          0.0836],
        [ 0.1098,  0.1087,  0.1096,  0.1189,  0.3376,  0.0831,  0.0446,
          0.0878],
        [ 0.1097,  0.1088,  0.1096,  0.1190,  0.3376,  0.0831,  0.0446,
          0.0877],
        [ 0.1078,  0.1092,  0.1080,  0.1210,  0.3437,  0.0822,  0.0437,
          0.0842],
        [ 0.1091,  0.1091,  0.1089,  0.1199,  0.3395,  0.0829,  0.0444,
          0.0863],
        [ 0.1095,  0.1090,  0.1092,  0.1194,  0.3384,  0.0830,  0.0446,
          0.0869],
        [ 0.1093,  0.1090,  0.1092,  0.1196,  0.3387,  0.0830,  0.0445,
          0.0867],
        [ 0.1087,  0.1091,  0.1085,  0.1203,  0.3414,  0.0825,  0.0441,
          0.0854],
        [ 0.1099,  0.1084,  0.1099,  0.1183,  0.3380,  0.0829,  0.0444,
          0.0883],
        [ 0.1093,  0.1090,  0.1090,  0.1196,  0.3395,  0.0828,  0.0444,
          0.0864],
        [ 0.1074,  0.1092,  0.1077,  0.1213,  0.3459,  0.0818,  0.0433,
          0.0834],
        [ 0.1110,  0.1080,  0.1109,  0.1169,  0.3356,  0.0829,  0.0445,
          0.0903],
        [ 0.1095,  0.1087,  0.1094,  0.1190,  0.3383,  0.0830,  0.0445,
          0.0875],
        [ 0.1074,  0.1092,  0.1077,  0.1213,  0.3454,  0.0820,  0.0434,
          0.0836],
        [ 0.1082,  0.1092,  0.1082,  0.1208,  0.3425,  0.0824,  0.0439,
          0.0847],
        [ 0.1078,  0.1092,  0.1080,  0.1210,  0.3437,  0.0823,  0.0437,
          0.0842],
        [ 0.1099,  0.1085,  0.1099,  0.1183,  0.3375,  0.0830,  0.0445,
          0.0884],
        [ 0.1098,  0.1088,  0.1096,  0.1189,  0.3376,  0.0831,  0.0446,
          0.0877]]))
('Next Batch result', tensor([[ 0.1094,  0.1090,  0.1092,  0.1194,  0.3383,  0.0830,  0.0446,
          0.0870],
        [ 0.1100,  0.1084,  0.1100,  0.1182,  0.3375,  0.0830,  0.0445,
          0.0886],
        [ 0.1099,  0.1086,  0.1098,  0.1185,  0.3374,  0.0830,  0.0446,
          0.0881],
        [ 0.1100,  0.1086,  0.1097,  0.1184,  0.3377,  0.0830,  0.0445,
          0.0881],
        [ 0.1098,  0.1087,  0.1095,  0.1189,  0.3377,  0.0831,  0.0446,
          0.0877],
        [ 0.1096,  0.1087,  0.1095,  0.1189,  0.3384,  0.0830,  0.0445,
          0.0875],
        [ 0.1101,  0.1083,  0.1100,  0.1181,  0.3377,  0.0829,  0.0444,
          0.0885],
        [ 0.1091,  0.1091,  0.1090,  0.1198,  0.3387,  0.0830,  0.0445,
          0.0866],
        [ 0.1093,  0.1091,  0.1091,  0.1197,  0.3388,  0.0830,  0.0445,
          0.0866],
        [ 0.1083,  0.1092,  0.1085,  0.1204,  0.3420,  0.0825,  0.0440,
          0.0851],
        [ 0.1092,  0.1091,  0.1090,  0.1197,  0.3388,  0.0830,  0.0445,
          0.0866],
        [ 0.1092,  0.1091,  0.1090,  0.1198,  0.3387,  0.0830,  0.0445,
          0.0867],
        [ 0.1092,  0.1091,  0.1090,  0.1197,  0.3390,  0.0830,  0.0445,
          0.0865],
        [ 0.1095,  0.1090,  0.1092,  0.1195,  0.3382,  0.0830,  0.0446,
          0.0870],
        [ 0.1095,  0.1090,  0.1094,  0.1193,  0.3381,  0.0830,  0.0446,
          0.0871],
        [ 0.1086,  0.1092,  0.1085,  0.1204,  0.3412,  0.0826,  0.0441,
          0.0854],
        [ 0.1097,  0.1088,  0.1094,  0.1190,  0.3378,  0.0831,  0.0446,
          0.0875],
        [ 0.1092,  0.1091,  0.1089,  0.1198,  0.3393,  0.0829,  0.0445,
          0.0863],
        [ 0.1097,  0.1088,  0.1096,  0.1189,  0.3376,  0.0830,  0.0446,
          0.0877],
        [ 0.1085,  0.1091,  0.1084,  0.1203,  0.3415,  0.0826,  0.0441,
          0.0854],
        [ 0.1104,  0.1082,  0.1102,  0.1176,  0.3371,  0.0829,  0.0444,
          0.0892],
        [ 0.1091,  0.1091,  0.1090,  0.1198,  0.3394,  0.0829,  0.0444,
          0.0863],
        [ 0.1066,  0.1092,  0.1073,  0.1218,  0.3487,  0.0813,  0.0427,
          0.0824],
        [ 0.1085,  0.1092,  0.1085,  0.1204,  0.3410,  0.0827,  0.0442,
          0.0855],
        [ 0.1091,  0.1090,  0.1089,  0.1198,  0.3394,  0.0829,  0.0444,
          0.0864],
        [ 0.1092,  0.1090,  0.1089,  0.1197,  0.3393,  0.0830,  0.0444,
          0.0865],
        [ 0.1075,  0.1092,  0.1078,  0.1211,  0.3450,  0.0821,  0.0435,
          0.0839],
        [ 0.1087,  0.1091,  0.1086,  0.1202,  0.3409,  0.0827,  0.0442,
          0.0856],
        [ 0.1067,  0.1092,  0.1071,  0.1217,  0.3485,  0.0814,  0.0428,
          0.0825],
        [ 0.1098,  0.1088,  0.1096,  0.1189,  0.3376,  0.0831,  0.0446,
          0.0877],
        [ 0.1098,  0.1088,  0.1096,  0.1189,  0.3375,  0.0831,  0.0446,
          0.0877],
        [ 0.1097,  0.1088,  0.1097,  0.1189,  0.3377,  0.0830,  0.0446,
          0.0876],
        [ 0.1079,  0.1092,  0.1081,  0.1209,  0.3431,  0.0824,  0.0438,
          0.0845],
        [ 0.1085,  0.1092,  0.1085,  0.1206,  0.3414,  0.0825,  0.0441,
          0.0853],
        [ 0.1100,  0.1085,  0.1098,  0.1183,  0.3375,  0.0830,  0.0445,
          0.0884],
        [ 0.1087,  0.1091,  0.1086,  0.1202,  0.3406,  0.0828,  0.0442,
          0.0857],
        [ 0.1094,  0.1091,  0.1090,  0.1196,  0.3384,  0.0831,  0.0446,
          0.0869],
        [ 0.1093,  0.1090,  0.1092,  0.1195,  0.3383,  0.0831,  0.0446,
          0.0870],
        [ 0.1091,  0.1092,  0.1089,  0.1199,  0.3392,  0.0829,  0.0445,
          0.0863],
        [ 0.1093,  0.1090,  0.1089,  0.1196,  0.3391,  0.0830,  0.0445,
          0.0866],
        [ 0.1088,  0.1092,  0.1087,  0.1201,  0.3403,  0.0828,  0.0443,
          0.0859],
        [ 0.1097,  0.1087,  0.1095,  0.1189,  0.3376,  0.0831,  0.0446,
          0.0878],
        [ 0.1100,  0.1087,  0.1099,  0.1185,  0.3373,  0.0829,  0.0446,
          0.0881],
        [ 0.1091,  0.1090,  0.1090,  0.1199,  0.3395,  0.0828,  0.0444,
          0.0863],
        [ 0.1094,  0.1090,  0.1091,  0.1196,  0.3386,  0.0830,  0.0446,
          0.0868],
        [ 0.1081,  0.1093,  0.1082,  0.1208,  0.3424,  0.0825,  0.0440,
          0.0848],
        [ 0.1103,  0.1082,  0.1102,  0.1176,  0.3372,  0.0829,  0.0444,
          0.0892],
        [ 0.1054,  0.1090,  0.1062,  0.1221,  0.3543,  0.0804,  0.0417,
          0.0808],
        [ 0.1096,  0.1089,  0.1094,  0.1192,  0.3379,  0.0830,  0.0446,
          0.0873],
        [ 0.1098,  0.1088,  0.1096,  0.1189,  0.3376,  0.0831,  0.0446,
          0.0877],
        [ 0.1084,  0.1092,  0.1083,  0.1205,  0.3418,  0.0826,  0.0441,
          0.0851],
        [ 0.1072,  0.1092,  0.1077,  0.1213,  0.3459,  0.0819,  0.0433,
          0.0835],
        [ 0.1076,  0.1093,  0.1078,  0.1212,  0.3443,  0.0822,  0.0436,
          0.0840],
        [ 0.1096,  0.1088,  0.1094,  0.1191,  0.3380,  0.0830,  0.0446,
          0.0874],
        [ 0.1086,  0.1092,  0.1086,  0.1203,  0.3411,  0.0826,  0.0442,
          0.0855],
        [ 0.1096,  0.1087,  0.1095,  0.1189,  0.3383,  0.0830,  0.0445,
          0.0875],
        [ 0.1100,  0.1085,  0.1099,  0.1183,  0.3377,  0.0830,  0.0445,
          0.0883],
        [ 0.1097,  0.1089,  0.1096,  0.1190,  0.3375,  0.0831,  0.0447,
          0.0876],
        [ 0.1078,  0.1092,  0.1080,  0.1210,  0.3437,  0.0823,  0.0437,
          0.0842],
        [ 0.1073,  0.1092,  0.1077,  0.1213,  0.3459,  0.0819,  0.0433,
          0.0835],
        [ 0.1096,  0.1088,  0.1094,  0.1191,  0.3382,  0.0830,  0.0445,
          0.0873],
        [ 0.1086,  0.1092,  0.1086,  0.1204,  0.3409,  0.0827,  0.0442,
          0.0855],
        [ 0.1067,  0.1092,  0.1071,  0.1217,  0.3484,  0.0815,  0.0429,
          0.0826],
        [ 0.1095,  0.1089,  0.1093,  0.1193,  0.3382,  0.0830,  0.0446,
          0.0872]]))
('Next Batch result', tensor([[ 0.1110,  0.1080,  0.1109,  0.1170,  0.3355,  0.0828,  0.0445,
          0.0903],
        [ 0.1095,  0.1090,  0.1092,  0.1194,  0.3383,  0.0830,  0.0446,
          0.0870],
        [ 0.1085,  0.1092,  0.1086,  0.1205,  0.3409,  0.0827,  0.0442,
          0.0854],
        [ 0.1081,  0.1092,  0.1082,  0.1208,  0.3425,  0.0825,  0.0439,
          0.0848],
        [ 0.1095,  0.1090,  0.1091,  0.1193,  0.3390,  0.0829,  0.0445,
          0.0867],
        [ 0.1107,  0.1080,  0.1106,  0.1171,  0.3365,  0.0828,  0.0444,
          0.0899],
        [ 0.1103,  0.1082,  0.1102,  0.1176,  0.3371,  0.0829,  0.0444,
          0.0892],
        [ 0.1067,  0.1093,  0.1072,  0.1217,  0.3484,  0.0815,  0.0428,
          0.0825],
        [ 0.1097,  0.1087,  0.1096,  0.1189,  0.3377,  0.0830,  0.0446,
          0.0877],
        [ 0.1079,  0.1092,  0.1080,  0.1209,  0.3435,  0.0824,  0.0437,
          0.0844],
        [ 0.1087,  0.1091,  0.1086,  0.1201,  0.3408,  0.0827,  0.0442,
          0.0857],
        [ 0.1074,  0.1092,  0.1076,  0.1213,  0.3453,  0.0820,  0.0434,
          0.0836],
        [ 0.1099,  0.1086,  0.1098,  0.1185,  0.3375,  0.0830,  0.0445,
          0.0881],
        [ 0.1097,  0.1087,  0.1095,  0.1189,  0.3378,  0.0830,  0.0446,
          0.0877],
        [ 0.1092,  0.1090,  0.1090,  0.1197,  0.3391,  0.0830,  0.0445,
          0.0866],
        [ 0.1092,  0.1091,  0.1089,  0.1197,  0.3390,  0.0830,  0.0445,
          0.0865],
        [ 0.1091,  0.1091,  0.1089,  0.1199,  0.3392,  0.0829,  0.0445,
          0.0864],
        [ 0.1064,  0.1091,  0.1068,  0.1218,  0.3500,  0.0812,  0.0426,
          0.0821],
        [ 0.1100,  0.1085,  0.1099,  0.1184,  0.3374,  0.0830,  0.0445,
          0.0883],
        [ 0.1067,  0.1093,  0.1071,  0.1218,  0.3476,  0.0817,  0.0430,
          0.0828],
        [ 0.1086,  0.1092,  0.1086,  0.1204,  0.3410,  0.0826,  0.0441,
          0.0855],
        [ 0.1086,  0.1091,  0.1085,  0.1204,  0.3412,  0.0826,  0.0441,
          0.0854],
        [ 0.1086,  0.1092,  0.1085,  0.1203,  0.3410,  0.0827,  0.0442,
          0.0855],
        [ 0.1076,  0.1093,  0.1079,  0.1212,  0.3444,  0.0821,  0.0436,
          0.0839],
        [ 0.1097,  0.1089,  0.1094,  0.1190,  0.3378,  0.0831,  0.0446,
          0.0875],
        [ 0.1100,  0.1085,  0.1099,  0.1183,  0.3376,  0.0830,  0.0445,
          0.0883],
        [ 0.1093,  0.1091,  0.1090,  0.1197,  0.3391,  0.0829,  0.0445,
          0.0865],
        [ 0.1100,  0.1084,  0.1099,  0.1181,  0.3377,  0.0829,  0.0444,
          0.0884],
        [ 0.1099,  0.1085,  0.1099,  0.1183,  0.3377,  0.0829,  0.0445,
          0.0883],
        [ 0.1086,  0.1092,  0.1086,  0.1203,  0.3409,  0.0827,  0.0442,
          0.0855],
        [ 0.1095,  0.1090,  0.1092,  0.1194,  0.3382,  0.0830,  0.0446,
          0.0870],
        [ 0.1100,  0.1085,  0.1098,  0.1183,  0.3377,  0.0830,  0.0445,
          0.0883],
        [ 0.1108,  0.1080,  0.1107,  0.1171,  0.3363,  0.0828,  0.0444,
          0.0900],
        [ 0.1093,  0.1091,  0.1090,  0.1197,  0.3388,  0.0830,  0.0445,
          0.0866],
        [ 0.1068,  0.1092,  0.1070,  0.1216,  0.3484,  0.0815,  0.0429,
          0.0826],
        [ 0.1075,  0.1092,  0.1076,  0.1213,  0.3453,  0.0820,  0.0434,
          0.0836],
        [ 0.1078,  0.1093,  0.1080,  0.1210,  0.3438,  0.0823,  0.0437,
          0.0842],
        [ 0.1091,  0.1091,  0.1089,  0.1199,  0.3393,  0.0830,  0.0445,
          0.0864],
        [ 0.1094,  0.1091,  0.1091,  0.1198,  0.3382,  0.0831,  0.0446,
          0.0869],
        [ 0.1086,  0.1092,  0.1087,  0.1203,  0.3408,  0.0827,  0.0442,
          0.0856],
        [ 0.1093,  0.1091,  0.1090,  0.1196,  0.3388,  0.0830,  0.0445,
          0.0866],
        [ 0.1083,  0.1093,  0.1083,  0.1206,  0.3420,  0.0825,  0.0440,
          0.0850],
        [ 0.1088,  0.1090,  0.1085,  0.1200,  0.3413,  0.0826,  0.0441,
          0.0856],
        [ 0.1087,  0.1091,  0.1087,  0.1201,  0.3405,  0.0827,  0.0442,
          0.0858],
        [ 0.1084,  0.1092,  0.1084,  0.1206,  0.3418,  0.0825,  0.0440,
          0.0851],
        [ 0.1095,  0.1090,  0.1093,  0.1195,  0.3382,  0.0830,  0.0446,
          0.0870],
        [ 0.1091,  0.1091,  0.1089,  0.1198,  0.3392,  0.0830,  0.0445,
          0.0864],
        [ 0.1100,  0.1084,  0.1099,  0.1182,  0.3376,  0.0830,  0.0445,
          0.0884],
        [ 0.1086,  0.1091,  0.1085,  0.1203,  0.3412,  0.0827,  0.0441,
          0.0855],
        [ 0.1078,  0.1092,  0.1080,  0.1210,  0.3438,  0.0822,  0.0437,
          0.0842],
        [ 0.1094,  0.1088,  0.1096,  0.1190,  0.3390,  0.0827,  0.0444,
          0.0871],
        [ 0.1086,  0.1092,  0.1085,  0.1203,  0.3410,  0.0827,  0.0442,
          0.0856],
        [ 0.1094,  0.1090,  0.1092,  0.1195,  0.3386,  0.0830,  0.0445,
          0.0869],
        [ 0.1091,  0.1091,  0.1089,  0.1198,  0.3393,  0.0829,  0.0445,
          0.0864],
        [ 0.1074,  0.1092,  0.1077,  0.1214,  0.3455,  0.0819,  0.0434,
          0.0835],
        [ 0.1083,  0.1092,  0.1084,  0.1206,  0.3422,  0.0824,  0.0440,
          0.0849],
        [ 0.1091,  0.1090,  0.1089,  0.1198,  0.3394,  0.0830,  0.0444,
          0.0864],
        [ 0.1074,  0.1092,  0.1076,  0.1214,  0.3455,  0.0819,  0.0434,
          0.0835],
        [ 0.1087,  0.1091,  0.1087,  0.1201,  0.3407,  0.0827,  0.0442,
          0.0857],
        [ 0.1077,  0.1092,  0.1081,  0.1211,  0.3442,  0.0821,  0.0436,
          0.0840],
        [ 0.1093,  0.1091,  0.1090,  0.1196,  0.3388,  0.0830,  0.0445,
          0.0867],
        [ 0.1099,  0.1085,  0.1098,  0.1184,  0.3375,  0.0830,  0.0445,
          0.0882],
        [ 0.1095,  0.1088,  0.1094,  0.1192,  0.3382,  0.0830,  0.0445,
          0.0874],
        [ 0.1107,  0.1080,  0.1107,  0.1171,  0.3365,  0.0828,  0.0444,
          0.0899]]))
('Next Batch result', tensor([[ 0.1093,  0.1091,  0.1089,  0.1197,  0.3392,  0.0829,  0.0444,
          0.0865],
        [ 0.1096,  0.1089,  0.1095,  0.1192,  0.3378,  0.0831,  0.0446,
          0.0874],
        [ 0.1103,  0.1082,  0.1102,  0.1176,  0.3372,  0.0829,  0.0444,
          0.0892],
        [ 0.1093,  0.1091,  0.1090,  0.1197,  0.3389,  0.0830,  0.0445,
          0.0866],
        [ 0.1097,  0.1088,  0.1095,  0.1190,  0.3378,  0.0831,  0.0446,
          0.0875],
        [ 0.1087,  0.1092,  0.1087,  0.1203,  0.3407,  0.0827,  0.0442,
          0.0856],
        [ 0.1092,  0.1091,  0.1089,  0.1198,  0.3392,  0.0830,  0.0444,
          0.0864],
        [ 0.1097,  0.1088,  0.1096,  0.1192,  0.3374,  0.0830,  0.0446,
          0.0877],
        [ 0.1100,  0.1085,  0.1098,  0.1183,  0.3376,  0.0830,  0.0445,
          0.0883],
        [ 0.1074,  0.1093,  0.1076,  0.1214,  0.3454,  0.0820,  0.0434,
          0.0836],
        [ 0.1084,  0.1092,  0.1084,  0.1206,  0.3416,  0.0826,  0.0441,
          0.0851],
        [ 0.1073,  0.1093,  0.1076,  0.1214,  0.3454,  0.0820,  0.0434,
          0.0836],
        [ 0.1091,  0.1090,  0.1090,  0.1197,  0.3394,  0.0829,  0.0444,
          0.0864],
        [ 0.1092,  0.1091,  0.1091,  0.1197,  0.3387,  0.0829,  0.0445,
          0.0867],
        [ 0.1093,  0.1090,  0.1091,  0.1196,  0.3389,  0.0830,  0.0445,
          0.0866],
        [ 0.1094,  0.1090,  0.1092,  0.1195,  0.3383,  0.0830,  0.0446,
          0.0870],
        [ 0.1097,  0.1088,  0.1095,  0.1190,  0.3379,  0.0830,  0.0446,
          0.0875],
        [ 0.1078,  0.1093,  0.1080,  0.1210,  0.3438,  0.0823,  0.0437,
          0.0842],
        [ 0.1101,  0.1084,  0.1099,  0.1181,  0.3376,  0.0829,  0.0444,
          0.0885],
        [ 0.1086,  0.1091,  0.1086,  0.1202,  0.3415,  0.0825,  0.0441,
          0.0854],
        [ 0.1094,  0.1090,  0.1092,  0.1194,  0.3384,  0.0830,  0.0446,
          0.0870],
        [ 0.1096,  0.1088,  0.1095,  0.1191,  0.3377,  0.0831,  0.0446,
          0.0876],
        [ 0.1067,  0.1092,  0.1072,  0.1217,  0.3485,  0.0814,  0.0428,
          0.0825],
        [ 0.1108,  0.1080,  0.1107,  0.1170,  0.3364,  0.0828,  0.0444,
          0.0900],
        [ 0.1094,  0.1090,  0.1092,  0.1195,  0.3387,  0.0829,  0.0445,
          0.0868],
        [ 0.1096,  0.1090,  0.1093,  0.1193,  0.3380,  0.0830,  0.0446,
          0.0872],
        [ 0.1092,  0.1091,  0.1089,  0.1198,  0.3389,  0.0830,  0.0445,
          0.0865],
        [ 0.1097,  0.1088,  0.1095,  0.1190,  0.3377,  0.0831,  0.0446,
          0.0876],
        [ 0.1096,  0.1088,  0.1095,  0.1191,  0.3378,  0.0830,  0.0446,
          0.0875],
        [ 0.1087,  0.1091,  0.1085,  0.1202,  0.3410,  0.0827,  0.0442,
          0.0856],
        [ 0.1086,  0.1092,  0.1086,  0.1203,  0.3409,  0.0827,  0.0442,
          0.0856],
        [ 0.1097,  0.1088,  0.1095,  0.1190,  0.3378,  0.0830,  0.0446,
          0.0875],
        [ 0.1098,  0.1087,  0.1095,  0.1189,  0.3377,  0.0831,  0.0446,
          0.0877],
        [ 0.1086,  0.1092,  0.1085,  0.1204,  0.3409,  0.0827,  0.0442,
          0.0855],
        [ 0.1099,  0.1086,  0.1097,  0.1187,  0.3374,  0.0831,  0.0446,
          0.0880],
        [ 0.1081,  0.1092,  0.1083,  0.1208,  0.3424,  0.0824,  0.0439,
          0.0848],
        [ 0.1099,  0.1084,  0.1099,  0.1183,  0.3376,  0.0830,  0.0445,
          0.0883],
        [ 0.1084,  0.1092,  0.1084,  0.1206,  0.3414,  0.0826,  0.0441,
          0.0852],
        [ 0.1097,  0.1088,  0.1095,  0.1190,  0.3377,  0.0831,  0.0446,
          0.0876],
        [ 0.1091,  0.1090,  0.1089,  0.1197,  0.3396,  0.0830,  0.0444,
          0.0864],
        [ 0.1092,  0.1091,  0.1090,  0.1198,  0.3389,  0.0830,  0.0445,
          0.0865],
        [ 0.1073,  0.1093,  0.1076,  0.1213,  0.3454,  0.0820,  0.0434,
          0.0836],
        [ 0.1098,  0.1086,  0.1097,  0.1187,  0.3375,  0.0831,  0.0446,
          0.0880],
        [ 0.1086,  0.1092,  0.1086,  0.1203,  0.3410,  0.0827,  0.0442,
          0.0855],
        [ 0.1074,  0.1092,  0.1076,  0.1213,  0.3454,  0.0820,  0.0434,
          0.0836],
        [ 0.1095,  0.1090,  0.1092,  0.1194,  0.3383,  0.0830,  0.0446,
          0.0871],
        [ 0.1098,  0.1088,  0.1097,  0.1189,  0.3375,  0.0830,  0.0446,
          0.0877],
        [ 0.1084,  0.1092,  0.1084,  0.1205,  0.3420,  0.0825,  0.0440,
          0.0851],
        [ 0.1102,  0.1083,  0.1099,  0.1179,  0.3376,  0.0829,  0.0444,
          0.0886],
        [ 0.1086,  0.1090,  0.1085,  0.1201,  0.3415,  0.0826,  0.0441,
          0.0855],
        [ 0.1097,  0.1089,  0.1093,  0.1190,  0.3377,  0.0832,  0.0446,
          0.0876],
        [ 0.1081,  0.1092,  0.1082,  0.1207,  0.3428,  0.0824,  0.0439,
          0.0847],
        [ 0.1074,  0.1092,  0.1076,  0.1213,  0.3455,  0.0820,  0.0434,
          0.0836],
        [ 0.1099,  0.1087,  0.1098,  0.1185,  0.3377,  0.0829,  0.0445,
          0.0879],
        [ 0.1074,  0.1092,  0.1077,  0.1213,  0.3453,  0.0820,  0.0434,
          0.0836],
        [ 0.1095,  0.1090,  0.1094,  0.1196,  0.3381,  0.0829,  0.0446,
          0.0869],
        [ 0.1086,  0.1091,  0.1086,  0.1203,  0.3411,  0.0826,  0.0442,
          0.0855],
        [ 0.1099,  0.1086,  0.1097,  0.1186,  0.3379,  0.0830,  0.0445,
          0.0879],
        [ 0.1080,  0.1092,  0.1081,  0.1208,  0.3432,  0.0824,  0.0438,
          0.0845],
        [ 0.1091,  0.1091,  0.1087,  0.1199,  0.3396,  0.0829,  0.0444,
          0.0863],
        [ 0.1083,  0.1092,  0.1082,  0.1207,  0.3418,  0.0826,  0.0440,
          0.0851],
        [ 0.1107,  0.1080,  0.1106,  0.1171,  0.3364,  0.0828,  0.0444,
          0.0899],
        [ 0.1086,  0.1091,  0.1085,  0.1203,  0.3411,  0.0826,  0.0441,
          0.0855],
        [ 0.1094,  0.1090,  0.1092,  0.1195,  0.3384,  0.0830,  0.0446,
          0.0869]]))
('Next Batch result', tensor([[ 0.1101,  0.1084,  0.1100,  0.1181,  0.3373,  0.0830,  0.0445,
          0.0887],
        [ 0.1097,  0.1087,  0.1095,  0.1189,  0.3376,  0.0831,  0.0446,
          0.0878],
        [ 0.1100,  0.1085,  0.1099,  0.1182,  0.3375,  0.0830,  0.0445,
          0.0884],
        [ 0.1095,  0.1089,  0.1093,  0.1193,  0.3384,  0.0830,  0.0445,
          0.0871],
        [ 0.1092,  0.1091,  0.1090,  0.1198,  0.3389,  0.0830,  0.0445,
          0.0865],
        [ 0.1077,  0.1092,  0.1079,  0.1212,  0.3443,  0.0821,  0.0436,
          0.0840],
        [ 0.1083,  0.1092,  0.1084,  0.1206,  0.3418,  0.0825,  0.0440,
          0.0851],
        [ 0.1086,  0.1092,  0.1085,  0.1205,  0.3408,  0.0827,  0.0442,
          0.0855],
        [ 0.1091,  0.1091,  0.1091,  0.1199,  0.3393,  0.0829,  0.0444,
          0.0863],
        [ 0.1092,  0.1091,  0.1090,  0.1199,  0.3390,  0.0829,  0.0445,
          0.0864],
        [ 0.1097,  0.1088,  0.1095,  0.1191,  0.3378,  0.0831,  0.0446,
          0.0875],
        [ 0.1077,  0.1093,  0.1079,  0.1211,  0.3444,  0.0821,  0.0436,
          0.0840],
        [ 0.1086,  0.1091,  0.1084,  0.1204,  0.3414,  0.0826,  0.0441,
          0.0854],
        [ 0.1073,  0.1093,  0.1076,  0.1214,  0.3453,  0.0821,  0.0434,
          0.0837],
        [ 0.1100,  0.1085,  0.1097,  0.1183,  0.3379,  0.0829,  0.0445,
          0.0882],
        [ 0.1092,  0.1091,  0.1091,  0.1197,  0.3387,  0.0830,  0.0445,
          0.0866],
        [ 0.1088,  0.1091,  0.1087,  0.1201,  0.3405,  0.0827,  0.0442,
          0.0858],
        [ 0.1097,  0.1087,  0.1095,  0.1189,  0.3380,  0.0830,  0.0445,
          0.0876],
        [ 0.1103,  0.1082,  0.1102,  0.1176,  0.3372,  0.0829,  0.0444,
          0.0892],
        [ 0.1093,  0.1091,  0.1091,  0.1197,  0.3386,  0.0830,  0.0446,
          0.0867],
        [ 0.1096,  0.1089,  0.1095,  0.1191,  0.3377,  0.0831,  0.0446,
          0.0876],
        [ 0.1065,  0.1092,  0.1070,  0.1218,  0.3495,  0.0813,  0.0426,
          0.0822],
        [ 0.1078,  0.1093,  0.1080,  0.1210,  0.3437,  0.0823,  0.0437,
          0.0842],
        [ 0.1093,  0.1090,  0.1087,  0.1194,  0.3398,  0.0830,  0.0443,
          0.0866],
        [ 0.1097,  0.1089,  0.1094,  0.1191,  0.3378,  0.0830,  0.0446,
          0.0874],
        [ 0.1100,  0.1085,  0.1098,  0.1183,  0.3377,  0.0830,  0.0445,
          0.0883],
        [ 0.1096,  0.1089,  0.1095,  0.1192,  0.3377,  0.0831,  0.0446,
          0.0874],
        [ 0.1082,  0.1092,  0.1082,  0.1208,  0.3424,  0.0825,  0.0439,
          0.0848],
        [ 0.1100,  0.1084,  0.1099,  0.1183,  0.3376,  0.0830,  0.0445,
          0.0884],
        [ 0.1093,  0.1090,  0.1092,  0.1196,  0.3384,  0.0830,  0.0446,
          0.0868],
        [ 0.1086,  0.1091,  0.1085,  0.1203,  0.3411,  0.0827,  0.0442,
          0.0855],
        [ 0.1088,  0.1091,  0.1087,  0.1201,  0.3406,  0.0827,  0.0442,
          0.0858],
        [ 0.1074,  0.1093,  0.1077,  0.1214,  0.3449,  0.0820,  0.0435,
          0.0837],
        [ 0.1097,  0.1087,  0.1095,  0.1189,  0.3381,  0.0829,  0.0445,
          0.0876],
        [ 0.1091,  0.1091,  0.1089,  0.1198,  0.3391,  0.0830,  0.0445,
          0.0865],
        [ 0.1086,  0.1092,  0.1086,  0.1203,  0.3409,  0.0827,  0.0442,
          0.0855],
        [ 0.1086,  0.1092,  0.1085,  0.1203,  0.3411,  0.0827,  0.0442,
          0.0855],
        [ 0.1097,  0.1088,  0.1095,  0.1190,  0.3379,  0.0831,  0.0446,
          0.0875],
        [ 0.1094,  0.1089,  0.1092,  0.1194,  0.3389,  0.0829,  0.0445,
          0.0869],
        [ 0.1087,  0.1091,  0.1086,  0.1202,  0.3408,  0.0827,  0.0442,
          0.0857],
        [ 0.1095,  0.1088,  0.1095,  0.1192,  0.3380,  0.0830,  0.0445,
          0.0876],
        [ 0.1083,  0.1092,  0.1083,  0.1206,  0.3420,  0.0825,  0.0440,
          0.0850],
        [ 0.1086,  0.1092,  0.1085,  0.1203,  0.3410,  0.0827,  0.0441,
          0.0855],
        [ 0.1091,  0.1091,  0.1089,  0.1199,  0.3394,  0.0829,  0.0445,
          0.0863],
        [ 0.1064,  0.1091,  0.1069,  0.1218,  0.3499,  0.0812,  0.0426,
          0.0821],
        [ 0.1094,  0.1089,  0.1091,  0.1195,  0.3387,  0.0830,  0.0445,
          0.0870],
        [ 0.1078,  0.1092,  0.1080,  0.1210,  0.3438,  0.0822,  0.0437,
          0.0842],
        [ 0.1101,  0.1082,  0.1099,  0.1180,  0.3381,  0.0829,  0.0443,
          0.0885],
        [ 0.1094,  0.1089,  0.1092,  0.1194,  0.3381,  0.0831,  0.0446,
          0.0872],
        [ 0.1091,  0.1090,  0.1090,  0.1197,  0.3390,  0.0830,  0.0445,
          0.0866],
        [ 0.1096,  0.1087,  0.1095,  0.1190,  0.3379,  0.0831,  0.0446,
          0.0876],
        [ 0.1095,  0.1089,  0.1092,  0.1193,  0.3383,  0.0830,  0.0446,
          0.0872],
        [ 0.1073,  0.1093,  0.1075,  0.1213,  0.3459,  0.0819,  0.0434,
          0.0834],
        [ 0.1086,  0.1091,  0.1086,  0.1203,  0.3413,  0.0826,  0.0441,
          0.0854],
        [ 0.1086,  0.1092,  0.1085,  0.1204,  0.3411,  0.0826,  0.0441,
          0.0854],
        [ 0.1099,  0.1085,  0.1099,  0.1183,  0.3376,  0.0830,  0.0445,
          0.0883],
        [ 0.1099,  0.1085,  0.1099,  0.1184,  0.3377,  0.0830,  0.0445,
          0.0882],
